32928
32929
32930
32931
32932
32933
32976
33250
33302
33487
73636
73639
73642
73645
74639
74663
74712
74781
78360
78395
78453
78782
81955
82349
82768
83772
108563
108957
109376
110383
118670
118744
118799
118919
123797
123830
123882
123958
125404
125438
125492
125568
5373
8255
20983
21247
21473
21708
26874
27297
27683
28431
34930
35355
35739
36488
47813
48886
49310
49735
50533
83809
83851
84628
85063
99122
99156
99929
100580
124740
125134
125551
126477
150080
150237
150657
151663
10361
10755
11173
12181
48596
48876
49295
50300
139201
139358
139776
140780
189698
189897
190312
191326
180088
180409
181181
181623
81114
81148
81479
82331
3563
4524
4909
5569
163346
163740
164160
165122
177650
177924
178259
179113
182417
182462
182531
182702
184301
184349
184420
184552
190257
190463
190693
191191
195104
195311
195539
196020
2128
2340
2575
3248
15410
15685
16030
16786
2036
2071
2298
3005
112990
113065
113276
113709
3621
4245
4390
4598
128846
129039
129262
129813
33547
33703
33922
34478
144327
144402
144575
145057
157175
157369
157578
158134
144612
144811
145029
145586
59832
59951
60119
60637
